8985556
7678061
9084778
9259751
1024999
6896332
5354085
8167590
5756081
4240669
1346306
7385970
3613224
2084845
7355197
1959923
5402463
6432012
5100560
786184
6230183
6354090
1270742
8602975
8611869
4740678
7520743
7541989
5120962
8728165
4215461
1479087
9958679
746537
3771885
3937765
7698755
6262314
7211393
5273730
1541571
2225767
3291432
5806204
7034718
4190848
8099485
1215265
2611717
2146572
6481114
9951437
7529005
7880680
7296778
7351807
1829783
8796911
8153968
123807
6493591
3010202
6162792
1742838
5463542
5164069
4637060
9393859
5325977
4584051
8393922
7664045
5019529
2613089
6337963
8593792
1311332
2087374
4092629
5286265
3864776
1445531
5339322
5203189
1116868
3509656
6644023
8726800
5601852
8920482
6370526
8619417
6839914
8987266
9145743
7401292
2906746
4357500
9985869
480280
8985556
7678061
9084778
9259751
1024999
6896332
5354085
8167590
5756081
4240669
1346306
7385970
3613224
2084845
7355197
1959923
5402463
6432012
5100560
786184
6230183
6354090
1270742
8602975
8611869
4740678
7520743
7541989
5120962
8728165
4215461
1479087
9958679
746537
3771885
3937765
7698755
6262314
7211393
5273730
1541571
2225767
3291432
5806204
7034718
4190848
8099485
1215265
2611717
2146572
6481114
9951437
7529005
7880680
7296778
7351807
1829783
8796911
8153968
123807
6493591
3010202
6162792
1742838
5463542
5164069
4637060
9393859
5325977
4584051
8393922
7664045
5019529
2613089
6337963
8593792
1311332
2087374
4092629
5286265
3864776
1445531
5339322
5203189
1116868
3509656
6644023
8726800
5601852
8920482
6370526
8619417
6839914
8987266
9145743
7401292
2906746
4357500
9985869
480280
8985556
7678061
9084778
9259751
1024999
6896332
5354085
8167590
5756081
4240669
1346306
7385970
3613224
2084845
7355197
1959923
5402463
6432012
5100560
786184
6230183
6354090
1270742
8602975
8611869
4740678
7520743
7541989
5120962
8728165
4215461
1479087
9958679
746537
3771885
3937765
7698755
6262314
7211393
5273730
1541571
2225767
3291432
5806204
7034718
4190848
8099485
1215265
2611717
2146572
6481114
9951437
7529005
7880680
7296778
7351807
1829783
8796911
8153968
123807
6493591
3010202
6162792
1742838
5463542
5164069
4637060
9393859
5325977
4584051
8393922
7664045
5019529
2613089
6337963
8593792
1311332
2087374
4092629
5286265
3864776
1445531
5339322
5203189
1116868
3509656
6644023
8726800
5601852
8920482
6370526
8619417
6839914
8987266
9145743
7401292
2906746
4357500
9985869
480280
8985556
7678061
9084778
9259751
1024999
6896332
5354085
8167590
5756081
4240669
1346306
7385970
3613224
2084845
7355197
1959923
5402463
6432012
5100560
786184
6230183
6354090
1270742
8602975
8611869
4740678
7520743
7541989
5120962
8728165
4215461
1479087
9958679
746537
3771885
3937765
7698755
6262314
7211393
5273730
1541571
2225767
3291432
5806204
7034718
4190848
8099485
1215265
2611717
2146572
6481114
9951437
7529005
7880680
7296778
7351807
1829783
8796911
8153968
123807
6493591
3010202
6162792
1742838
5463542
5164069
4637060
9393859
5325977
4584051
8393922
7664045
5019529
2613089
6337963
8593792
1311332
2087374
4092629
5286265
3864776
1445531
5339322
5203189
1116868
3509656
6644023
8726800
5601852
8920482
6370526
8619417
6839914
8987266
9145743
7401292
2906746
4357500
9985869
480280
8985556
7678061
9084778
9259751
1024999
6896332
5354085
8167590
5756081
4240669
1346306
7385970
3613224
2084845
7355197
1959923
5402463
6432012
5100560
786184
6230183
6354090
1270742
8602975
8611869
4740678
7520743
7541989
5120962
8728165
4215461
1479087
9958679
746537
3771885
3937765
7698755
6262314
7211393
5273730
1541571
2225767
3291432
5806204
7034718
4190848
8099485
1215265
2611717
2146572
6481114
9951437
7529005
7880680
7296778
7351807
1829783
8796911
8153968
123807
6493591
3010202
6162792
1742838
5463542
5164069
4637060
9393859
5325977
4584051
8393922
7664045
5019529
2613089
6337963
8593792
1311332
2087374
4092629
5286265
3864776
1445531
5339322
5203189
1116868
3509656
6644023
8726800
5601852
8920482
6370526
8619417
6839914
8987266
9145743
7401292
2906746
4357500
9985869
480280
8985556
7678061
9084778
9259751
1024999
6896332
5354085
8167590
5756081
4240669
1346306
7385970
3613224
2084845
7355197
1959923
5402463
6432012
5100560
786184
6230183
6354090
1270742
8602975
8611869
4740678
7520743
7541989
5120962
8728165
4215461
1479087
9958679
746537
3771885
3937765
7698755
6262314
7211393
5273730
1541571
2225767
3291432
5806204
7034718
4190848
8099485
1215265
2611717
2146572
6481114
9951437
7529005
7880680
7296778
7351807
1829783
8796911
8153968
123807
6493591
3010202
6162792
1742838
5463542
5164069
4637060
9393859
5325977
4584051
8393922
7664045
5019529
2613089
6337963
8593792
1311332
2087374
4092629
5286265
3864776
1445531
5339322
5203189
1116868
3509656
6644023
8726800
5601852
8920482
6370526
8619417
6839914
8987266
9145743
7401292
2906746
4357500
9985869
480280
8985556
7678061
9084778
9259751
1024999
6896332
5354085
8167590
5756081
4240669
1346306
7385970
3613224
2084845
7355197
1959923
5402463
6432012
5100560
786184
6230183
6354090
1270742
8602975
8611869
4740678
7520743
7541989
5120962
8728165
4215461
1479087
9958679
746537
3771885
3937765
7698755
6262314
7211393
5273730
1541571
2225767
3291432
5806204
7034718
4190848
8099485
1215265
2611717
2146572
6481114
9951437
7529005
7880680
7296778
7351807
1829783
8796911
8153968
123807
6493591
3010202
6162792
1742838
5463542
5164069
4637060
9393859
5325977
4584051
8393922
7664045
5019529
2613089
6337963
8593792
1311332
2087374
4092629
5286265
3864776
1445531
5339322
5203189
1116868
3509656
6644023
8726800
5601852
8920482
6370526
8619417
6839914
8987266
9145743
7401292
2906746
4357500
9985869
480280
8985556
7678061
9084778
9259751
1024999
6896332
5354085
8167590
5756081
4240669
1346306
7385970
3613224
2084845
7355197
1959923
5402463
6432012
5100560
786184
6230183
6354090
1270742
8602975
8611869
4740678
7520743
7541989
5120962
8728165
4215461
1479087
9958679
746537
3771885
3937765
7698755
6262314
7211393
5273730
1541571
2225767
3291432
5806204
7034718
4190848
8099485
1215265
2611717
2146572
6481114
9951437
7529005
7880680
7296778
7351807
1829783
8796911
8153968
123807
6493591
3010202
6162792
1742838
5463542
5164069
4637060
9393859
5325977
4584051
8393922
7664045
5019529
2613089
6337963
8593792
1311332
2087374
4092629
5286265
3864776
1445531
5339322
5203189
1116868
3509656
6644023
8726800
5601852
8920482
6370526
8619417
6839914
8987266
9145743
7401292
2906746
4357500
9985869
480280
8985556
7678061
9084778
9259751
1024999
6896332
5354085
8167590
5756081
4240669
1346306
7385970
3613224
2084845
7355197
1959923
5402463
6432012
5100560
786184
6230183
6354090
1270742
8602975
8611869
4740678
7520743
7541989
5120962
8728165
4215461
1479087
9958679
746537
3771885
3937765
7698755
6262314
7211393
5273730
1541571
2225767
3291432
5806204
7034718
4190848
8099485
1215265
2611717
2146572
6481114
9951437
7529005
7880680
7296778
7351807
1829783
8796911
8153968
123807
6493591
3010202
6162792
1742838
5463542
5164069
4637060
9393859
5325977
4584051
8393922
7664045
5019529
2613089
6337963
8593792
1311332
2087374
4092629
5286265
3864776
1445531
5339322
5203189
1116868
3509656
6644023
8726800
5601852
8920482
6370526
8619417
6839914
8987266
9145743
7401292
2906746
4357500
9985869
480280
8985556
7678061
9084778
9259751
1024999
6896332
5354085
8167590
5756081
4240669
1346306
7385970
3613224
2084845
7355197
1959923
5402463
6432012
5100560
786184
6230183
6354090
1270742
8602975
8611869
4740678
7520743
7541989
5120962
8728165
4215461
1479087
9958679
746537
3771885
3937765
7698755
6262314
7211393
5273730
1541571
2225767
3291432
5806204
7034718
4190848
8099485
1215265
2611717
2146572
6481114
9951437
7529005
7880680
7296778
7351807
1829783
8796911
8153968
123807
6493591
3010202
6162792
1742838
5463542
5164069
4637060
9393859
5325977
4584051
8393922
7664045
5019529
2613089
6337963
8593792
1311332
2087374
4092629
5286265
3864776
1445531
5339322
5203189
1116868
3509656
6644023
8726800
5601852
8920482
6370526
8619417
6839914
8987266
9145743
7401292
2906746
4357500
9985869
480280